0 400.00 223.61 360.56 728.01 509.90 707.11 1802.78 1868.15 2102.38 2121.32 2213.59 2353.72 2418.68 2402.08
400.00 0 538.52 223.61 360.56 583.10 509.90 1824.83 1802.78 2158.70 2102.38 2121.32 2302.17 2402.08 2451.53
223.61 538.52 0 400.00 800.00 360.56 670.82 1612.45 1708.80 1900.00 1941.65 2061.55 2184.03 2236.07 2200.00
360.56 223.61 400.00 0 400.00 360.56 360.56 1612.45 1612.45 1941.65 1900.00 1941.65 2109.50 2200.00 2236.07
728.01 360.56 800.00 400.00 0 670.82 360.56 1708.80 1612.45 2061.55 1941.65 1900.00 2109.50 2236.07 2340.94
509.90 583.10 360.56 360.56 670.82 0 400.00 1300.00 1360.15 1612.45 1612.45 1708.80 1843.91 1910.50 1910.50
707.11 509.90 670.82 360.56 360.56 400.00 0 1360.15 1300.00 1708.80 1612.45 1612.45 1800.00 1910.50 1992.49
1802.78 1824.83 1612.45 1612.45 1708.80 1300.00 1360.15 0 400.00 360.56 360.56 670.82 640.31 632.46 632.46
1868.15 1802.78 1708.80 1612.45 1612.45 1360.15 1300.00 400.00 0 670.82 360.56 360.56 500.00 632.46 848.53
2102.38 2158.70 1900.00 1941.65 2061.55 1612.45 1708.80 360.56 670.82 0 400.00 800.00 632.46 500.00 300.00
2121.32 2102.38 1941.65 1900.00 1941.65 1612.45 1612.45 360.56 360.56 400.00 0 400.00 282.84 300.00 500.00
2213.59 2121.32 2061.55 1941.65 1900.00 1708.80 1612.45 670.82 360.56 800.00 400.00 0 282.84 500.00 854.40
2353.72 2302.17 2184.03 2109.50 2109.50 1843.91 1800.00 640.31 500.00 632.46 282.84 282.84 0 223.61 608.28
2418.68 2402.08 2236.07 2200.00 2236.07 1910.50 1910.50 632.46 632.46 500.00 300.00 500.00 223.61 0 400.00
2402.08 2451.53 2200.00 2236.07 2340.94 1910.50 1992.49 632.46 848.53 300.00 500.00 854.40 608.28 400.00 0
